,id,name,x,y
0,3,daq-e0b5,-22.1,-68.98
1,8,daq-d6b5,-11.4,-68.98
2,0,daq-d5c5,-21.92,-55.0
3,6,daq-e02a,-14.7,-58.91
4,15,daq-d5da,-0.3,-68.98
5,20,daq-e095,10.4,-67.38
6,32,daq-d5b5,27.2,-68.98
7,27,daq-e040,20.5,-65.06
8,19,daq-dfca,8.4,-55.28
9,13,daq-d52a,0.4,-48.88
10,12,daq-d530,1.0,-59.08
11,36,daq-d355,29.9,-58.28
12,26,daq-ddba,18.07,-51.06
13,45,daq-e0ba,38.5,-66.98
14,54,daq-df65,51.5,-68.98
15,43,daq-de95,38.3,-52.98
16,52,daq-d525,49.1,-54.98
17,53,daq-e090,50.8,-45.28
18,55,daq-dff5,48.6,-33.08
19,48,daq-de80,40.8,-34.08
20,44,daq-df15,37.7,-41.08
21,46,daq-de7a,40.8,-26.28
22,33,daq-deba,28.7,-43.08
23,37,daq-dee0,32.9,-28.38
24,29,daq-df05,19.1,-27.08
25,25,daq-de85,17.1,-41.08
26,17,daq-e015,5.1,-45.08
27,18,daq-e005,6.9,-32.68
28,11,daq-d535,-3.1,-36.08
29,7,daq-e00a,-11.7,-44.61
30,1,daq-e07a,-21.9,-36.91
31,5,daq-e020,-13.7,-30.81
32,9,daq-e08a,-6.7,-22.91
33,2,daq-def0,-21.7,-22.71
34,4,daq-ae85,-13.7,-19.21
35,16,daq-9dea,1.5,-18.91
36,10,daq-df0a,-1.7,-11.21
37,21,daq-e100,11.2,-14.21
38,28,daq-59ca,18.6,-16.91
39,34,daq-5bca,26.4,-4.31
40,40,daq-ded5,34.4,-6.31
41,38,daq-deb0,33.1,-19.11
42,47,daq-a050,40.1,-15.11
43,56,daq-de5a,51.4,-21.11
44,59,daq-dd70,48.4,-11.71
45,51,daq-818a,46.4,-2.51
46,58,daq-e01a,51.0,6.89
47,57,daq-dec0,50.4,18.09
48,50,daq-17ca,44.1,14.89
49,49,daq-deea,42.4,21.09
50,42,daq-df20,38.4,7.89
51,41,daq-e0d0,36.4,4.49
52,31,daq-e0c0,26.4,5.29
53,35,daq-1695,27.2,16.99
54,39,daq-d35a,31.2,22.29
55,30,daq-deda,21.9,20.99
56,24,daq-ddc5,16.4,7.49
57,22,daq-a3d0,10.4,4.49
58,23,daq-e050,14.0,-5.41
59,14,daq-8210,-1.6,-3.41
